学号
5027210809
5027210206
5027210131
5027210808
5027210210
5027210330
5027210121
5027210123
5027210116
5027210235
5027210812
5027210238
5027210616
5027210218
5027210112
5027210326
5027210839
5027210844
5027210219
5027210217
5027210225
5027210837
5027210227
5027210105
5027210220
5027210811
5027210832
5027210838
5027210111
5027210231
5027210621
5027210243
5027210301
5027210145
5027210434
5027210113
5027210813
5027210856
5027210636
5027210120
5027210426
5027210325
5027210802
5027210835
5027210241
5027210147
5027210852
5027210332
5027210721
5027210610
5027210445
5027210629
5027210213
5027210140
5027210119
5027210106
5027210114
5027210843
5027210413
5027210128
5027210404
5027210447
5027210633
5027210763
5027210101
5027210851
5027210821
5027210214
5027210310
5027210234
5027210725
5027210319
5027210619
5027210205
5027210418
5027210848
5027210814
5027210328
5027210311
5027210419
5027210607
5027210146
5027210203
5027210244
5027210623
5027210807
5027210631
5027210229
5027210820
5027210347
5027210137
5027210846
5027210603
5027210604
5027210232
5027210640
5027210336
5027210202
5027210110
5027210130
5027210141
5027210442
5027210826
5027210435
5027210335
5027210102
5027210744
5027210109
5027210805
5027210512
5027210612
5027210211
5027210534
5027210601
5027210406
5027210831
5027210617
5027210639
5027210412
5027210525
5027210411
5027210630
5027210530
5027210749
5027210825
5027210845
5027210239
5027210524
5027210830
5027210840
5027210509
5027210531
5027210519
5027210314
5027210614
5027210201
5027210632
5027210815
5027210715
5027210520
5027210613
5027210752
5027210764
5027210337
5027210704
5027210501
5027210340
5027210143
5027210124
5027210828
5027210333
5027210730
5027210315
5027210126
5027210857
5027210204
5027210733
5027210615
5027210622
5027210517
5027210134
5027210810
5027210127
5027210223
5027210819
5027210407
5027210757
5027210608
5027210760
5027210753
5027210135
5027210720
5027210245
5027210327
5027210305
5027210803
5027210745
5027210312
5027210139
5027210104
5027210816
5027210841
5027210226
5027210304
5027210833
5027210142
5027210734
5027210626
5027210129
5027210339
5027210701
5027210758
5027210541
5027210801
5027210818
5027210433
5027210416
5027210637
5027210508
5027210714
5027210440
5027210329
5027210346
5027210403
5027210515
5027210122
5027210136
5027210602
5027210754
5027210522
5027210705
5027210762
5027210849
5027210441
5027210638
5027210713
5027210738
5027210303
5027210448
5027210228
5027210533
5027210627
5027210817
5027210804
5027210732
5027210536
5027210836
5027210824
5027210634
5027210829
5027210236
5027210436
5027210428
5027210125
5027210306
5027210628
5027210735
5027210853
5027210343
5027210341
5027210535
5027210743
5027210518
5027210209
5027210516
5027210405
5027210514
5027210609
5027210719
5027210117
5027210414
5027210401
5027210709
5027210420
5027210747
5027210624
5027210529
5027210505
5027210507
5027210207
5027210302
5027210537
5027210510
5027210542
5027210242
5027210342
5027210316
5027210431
5027210727
5027210723
5027210855
5027210751
5027210718
5027210746
5027210641
5027210133
5027210625
5027210605
5027210222
5027210144
5027210716
5027210118
5027210324
5027210307
5027210635
5027210620
5027210511
5027210446
5027210221
5027210338
5027210313
5027210317
5027210728
5027210708
5027210742
5027210409
5027210208
5027210425
5027210504
5027210506
5027210344
5027210538
5027210806
5027210539
5027210702
5027210606
5027210722
5027210527
5027210503
5027210309
5027210449
5027210438
5027210331
5027210107
5027210322
5027210823
5027210755
5027210726
5027210707
5027210323
5027210233
5027210215
5027210540
5027210740
5027210717
5027210703
5027210103
5027210410
5027210521
5027210108
5027210526
5027210842
5027210408
5027210422
5027210115
5027210748
5027210528
5027210437
5027210216
5027210321
5027210741
5027210417
5027210618
5027210834
5027210737
5027210444
5027210736
5027210502
5027210710
5027210724
5027210611
5027210759
5027210731
5027210822
5027210513
5027210430
5027210132
5027210212
5027210237
5027210523
5027210318
5027210532
5027210439
5027210443
5027210429
5027210432
5027210427
5027210415
5027210423
5027210424
5027210421
5027210402
5027210334
5027210345
5027210320
5027210308
5027210224
5027210240
5027210230
5027210138
5027210729
5027210739
5027210756
5027210750
5027210761
5027210706
5027210711
5027210712
5027210854
5027210850
5027210847
5027210827


